0.4809,0.055814,0.64724,-1.5577,0.25853,1
1.6403,1.1344,-0.30189,0.50425,1.1123,1
-2.0204,-0.35699,-0.58875,0.34739,0.95497,1
0.77115,0.42723,-0.46944,0.12422,-0.30909,1
0.28511,0.16234,0.55415,0.17731,-0.10428,1
-1.1696,0.062293,-0.79196,-0.57369,0.64006,1
-0.38782,-0.014991,-0.97764,0.64835,0.10355,1
0.30645,2.3238,0.78562,-0.71763,1.0765,1
3.2006,-0.14044,-0.082139,-0.58484,-0.60993,1
2.4771,-0.87572,0.45624,0.80604,0.42191,1
-1.2074,-1.2215,-0.56759,1.4917,0.23093,1
2.7145,-0.20285,0.47548,-0.21629,1.253,1
0.64882,-0.18738,-2.2224,-0.4811,-1.2285,1
-0.056398,-0.14992,0.38841,0.38533,0.0036537,1
0.63929,-0.016366,1.6954,1.075,0.07518,1
-0.18333,0.39061,0.94464,0.93049,-2.0673,1
-0.11104,0.28608,0.82622,0.26936,1.1323,1
1.3324,0.93877,0.024869,-0.50419,2.5367,1
1.2603,1.7487,0.48269,0.71596,-0.14599,1
1.2676,1.303,0.48778,0.034008,0.30013,1
0.60061,-0.88444,0.040768,1.3145,-0.42217,1
-1.08,-2.1477,-1.0846,-1.4622,0.2601,1
0.64152,0.88754,-0.14678,0.18869,-0.31335,1
1.4581,-1.1154,-0.14274,1.2699,-0.10195,1
0.43728,0.16314,-0.36332,-0.44616,1.4453,1
0.92546,0.25997,0.85751,-0.52178,-0.74452,1
0.65015,1.9581,2.5286,-0.76115,-0.4477,1
-0.27141,-0.12365,-1.2082,-0.29992,-0.085447,1
0.26285,-0.34331,0.098925,-0.18271,-0.12704,1
-0.70417,0.014074,-1.339,0.071387,1.2733,1
0.79461,0.39683,1.2717,-0.76395,1.833,1
-1.026,-0.20002,1.1225,0.034276,-0.87431,1
-0.95603,-0.72966,-1.6433,-0.66674,-0.61654,1
-0.72404,-1.1667,1.5111,-0.39503,0.44112,1
-2.6334,-0.40319,-1.257,-0.96563,-0.38246,1
1.2865,-0.76102,0.23607,-0.21314,1.7677,1
0.29086,-0.75946,0.91017,3.3899,1.4853,1
-0.67523,0.90445,0.16933,3.2145,0.55303,1
1.2256,-0.031322,2.1402,1.1838,0.5383,1
-1.5308,-0.49584,2.2248,0.68316,-0.2964,1
-0.091448,0.7026,0.19434,-1.1943,0.69027,1
-0.21596,-0.29595,-1.7379,-0.59879,0.97875,1
0.28551,0.90128,-0.19067,-0.55105,0.14394,1
0.27983,-0.20824,-0.7456,0.50549,1.7183,1
-0.77357,0.62315,-0.67739,0.42071,0.61053,1
-0.026879,0.50067,-0.94003,0.099683,-0.092708,1
-0.14747,-0.20861,0.030753,-0.33495,0.32261,1
0.56144,-0.55759,1.8488,-0.83219,0.97606,1
0.97785,-0.59652,-0.60656,0.033996,-0.37179,1
0.99216,0.030305,-0.14866,1.1308,-0.061412,1
-0.77247,-0.54636,0.89212,0.36229,2.1155,1
0.069192,-0.31219,1.041,0.18296,-0.42076,1
-1.0859,0.52147,0.38425,0.58236,0.86363,1
-0.99595,-0.489,0.7533,0.49803,0.72579,1
-0.0061262,0.92053,0.87406,-1.4943,1.4369,1
1.3708,-0.085899,-0.21501,0.086836,0.47312,1
-0.68841,0.61201,0.38293,-0.41947,-2.1921,1
0.33217,-0.33801,-0.27105,-1.9202,-0.79055,1
-0.20177,0.091919,-0.80295,-1.2785,0.43959,1
0.99939,1.0325,0.77541,-0.21086,0.26588,1
-0.97409,-0.57728,-0.10074,0.71246,1.7415,1
0.02912,-0.34606,-0.20227,-0.22725,1.2446,1
0.4942,1.7387,0.5056,0.32652,0.4985,1
0.98442,1.0128,1.0832,-0.75481,0.10618,1
1.3812,-0.0029964,0.47923,-1.9601,-1.3935,1
0.076859,0.54241,0.24167,0.11039,1.6831,1
-1.3341,-0.62383,0.046655,-0.98796,0.088619,1
-0.66393,0.40312,0.027877,1.0846,-1.3638,1
-0.94951,0.90412,-0.67046,1.6037,0.41645,1
2.1023,-0.76802,0.80788,-0.24486,0.086038,1
-0.55061,0.69184,1.2703,1.1359,-0.47261,1
0.6691,1.3427,-0.25209,0.96918,0.48561,1
-0.1721,-0.0047535,1.6842,-1.3237,-0.6321,1
0.7948,1.6066,0.10625,0.053658,-1.159,1
-0.6841,-0.045748,-0.28617,0.20457,-1.573,1
-1.2542,-1.311,-1.064,0.37794,-0.36976,1
-1.2722,-2.0865,-1.0623,0.50305,-0.6239,1
0.43665,-0.15964,-0.81746,0.64583,0.39072,1
-0.15865,0.53561,0.35888,0.65251,-1.3209,1
-0.17536,0.21206,1.417,-0.27876,-0.17219,1
1.2695,0.65083,0.66266,0.45436,-1.3132,1
0.2608,-0.40006,0.73277,-2.1177,1.5942,1
0.17693,0.16033,1.2197,-1.074,-0.099867,1
1.4201,-0.96611,-2.1808,1.1579,1.0705,1
-0.71954,-0.79269,-0.30853,-0.68921,0.40957,1
0.62308,-0.50436,0.31326,0.33596,0.80805,1
0.74693,0.60575,0.77471,1.4952,-0.99178,1
-0.21799,-0.065913,-1.1801,-0.8728,1.103,1
0.1929,-0.88339,-0.97108,-0.93454,1.2593,1
-1.0428,-0.26837,0.56656,-0.52132,-1.8685,1
-1.0268,-0.81283,-0.29539,0.33685,-0.18238,1
0.093803,-0.51406,0.43782,-0.19511,-0.59395,1
0.646,0.8582,-0.68665,-0.87932,0.15036,1
2.3125,0.66958,-1.1422,-1.3638,-0.75583,1
-0.59649,0.17205,0.63427,-0.36904,0.25302,1
0.16755,0.75457,1.1563,-0.16384,0.56214,1
-0.073785,0.12688,1.4479,-0.48569,0.22924,1
-1.7289,0.011876,-1.5171,-0.36448,-0.12958,1
-0.39262,0.45247,-1.1653,-1.0645,-1.1632,1
-1.6052,0.54247,-1.3925,0.42545,0.050673,1
0.75165,0.57156,0.10146,-2.0019,-0.46653,1
-0.79428,0.94001,-0.51111,0.10974,-1.1261,1
0.089526,0.040609,1.1731,0.65692,-0.032415,1
-0.48704,-0.16035,-1.3495,-0.8544,-0.21357,1
0.27148,1.4395,-1.3455,-0.02331,0.19824,1
-0.53695,-0.54518,0.066651,0.23434,0.87366,1
0.43824,0.10726,1.1073,-0.53867,0.52397,1
0.66131,0.90695,-0.54027,0.037711,1.1894,1
1.5312,0.50357,-0.91162,0.47227,-0.63544,1
-0.17363,1.0893,-0.022797,-0.86953,-0.75447,1
-1.9126,0.35558,-1.5871,0.67179,-0.091037,1
-0.75095,0.047334,-0.051438,0.99582,1.2439,1
1.2116,-0.3241,0.81017,0.37391,1.1731,1
-0.95896,0.21714,0.12501,-0.030433,-0.11036,1
0.8595,-0.89983,-1.7061,-1.1041,-0.57827,1
0.11095,0.22484,-0.43715,0.47357,-1.3523,1
1.285,0.97304,-0.030717,-1.0572,0.62064,1
-1.7539,-0.26671,1.4011,1.4251,0.031747,1
-0.17683,0.66501,0.86711,0.51861,-1.0242,1
-1.0803,1.3737,0.0042524,0.22668,-0.26634,1
2.601,1.3951,1.5666,-0.17259,-1.5767,1
0.7381,0.39972,-0.80491,-2.0223,0.37123,1
1.2334,0.82567,-0.093488,-1.0455,-0.13998,1
-0.94647,0.10642,1.1679,0.31471,1.4699,1
-0.41914,-1.1647,1.1512,2.2491,-1.2152,1
-0.2437,-0.39665,0.57537,0.68622,0.86801,1
0.98246,1.233,0.66984,0.38774,0.1739,1
-0.24854,-0.097273,-0.55239,-0.53737,0.060286,1
0.62748,0.62643,0.79001,0.17753,0.66801,1
-1.8352,-1.2703,-1.0539,0.76343,1.0248,1
-0.31649,-0.027108,0.47347,-0.25118,-0.95808,1
-0.73664,0.29981,0.21249,1.7616,1.2027,1
-1.4106,-1.4503,0.70249,-1.2578,-1.1316,1
0.45435,0.39382,-0.28671,-0.3259,-0.95379,1
0.25221,-0.083553,0.57602,0.069906,-0.59673,1
0.029945,-0.74999,0.61634,-1.8578,0.62627,1
-1.1929,-0.32848,-0.94544,0.44797,-0.97388,1
1.0085,-1.2767,0.087541,0.097592,0.2726,1
0.31321,-1.6373,1.2508,0.071016,0.33889,1
-0.26749,-1.0157,-0.043691,0.71157,0.11714,1
0.020473,-0.79347,-0.36195,0.96373,0.4819,1
-0.23434,-1.0043,0.2646,0.72538,-1.066,1
-1.5654,-1.7824,-0.59897,-0.58278,0.83732,1
-0.25549,0.1685,0.38596,-0.04793,0.1075,1
-0.7436,-1.4712,-0.36018,0.25174,0.61104,1
-0.87583,-0.1301,-0.1154,-1.2424,-0.89965,1
-1.0343,0.37597,0.35059,-1.0222,0.044553,1
-0.47723,-0.1211,1.1424,-0.41597,0.78499,1
-1.7912,-0.37274,0.18355,-0.030395,0.89045,1
0.86243,-0.089272,1.5274,1.7631,-0.043612,1
0.46516,-1.0791,-1.8699,0.72469,-1.6915,1
-0.017913,-0.039806,-0.40279,-0.42695,-0.98929,1
-0.0311,0.76687,0.29376,-0.57351,0.21187,1
-0.7139,1.2229,-0.66459,1.434,0.74676,1
0.91114,-0.11906,-1.0522,2.6185,0.43178,1
-0.11915,-1.3418,0.37827,0.12395,-0.57825,1
-0.6391,-0.02566,0.47631,-0.48153,2.0024,1
1.2087,0.60553,0.44148,-1.2498,0.077028,1
-0.20104,-0.23323,0.30263,0.91078,0.77842,1
-0.52684,-1.058,-0.94103,0.20484,-0.40711,1
-0.26274,1.5664,-0.28375,1.1242,-0.94907,1
-0.75841,-2.0919,-0.40844,-0.9603,0.54267,1
-1.0019,-0.66162,-0.7797,0.14492,0.90109,1
2.2593,-0.5007,0.45236,-0.50225,1.6251,1
1.4807,-0.14268,2.2133,1.3172,-0.43833,1
0.27507,0.32503,-0.36163,-0.50413,-1.4539,1
-1.1244,-0.1698,0.44368,-0.14142,1.439,1
-0.7741,-0.76654,-1.0758,-0.40684,0.19991,1
-0.1579,0.58697,1.2347,0.96578,-0.97333,1
0.70786,0.67876,-0.70891,0.45047,-0.48096,1
-1.1914,0.22409,0.095497,-1.0083,-0.7317,1
-2.0839,-0.86413,-0.846,-0.74667,0.99206,1
-1.2961,0.52136,0.3874,-1.0414,0.53009,1
0.2983,0.60725,0.10877,0.51189,0.23988,1
0.35004,2.1101,0.23831,0.39001,0.27657,1
0.40399,0.95839,2.7521,-1.4607,-0.69901,1
-0.11653,0.90361,-0.46297,-1.7957,0.88898,1
0.1643,0.083787,-0.015907,-0.02745,0.31215,1
-0.42588,-1.1452,2.1947,0.64111,-0.2398,1
0.77102,-0.10653,-0.95014,0.18469,-0.17073,1
-1.2179,-0.91544,0.2653,-1.5467,-0.13276,1
0.40699,-0.35294,-0.95159,-1.4702,-0.82282,1
-0.75911,0.25779,0.86632,0.79916,0.68128,1
-0.29953,-0.52377,0.19982,-0.16408,1.23,1
0.49442,-0.59806,0.55405,-0.34551,2.1998,1
0.92939,-0.097663,-0.16801,1.2915,0.46335,1
-0.99965,-0.37962,0.076465,-0.81672,-0.75683,1
1.1276,0.61191,1.4786,0.22715,0.21515,1
0.59045,-0.62043,-2.0226,0.38152,-0.92708,1
-0.060701,0.24065,-1.4195,0.75756,-0.54689,1
-0.17461,0.019249,0.35209,-0.81251,-0.59439,1
-0.19463,1.0191,-0.47898,0.34615,-0.72027,1
-0.27111,-0.23964,-0.31525,2.5764,0.35338,1
0.020613,-0.10327,-1.331,-1.4539,-1.0253,1
0.045875,-0.93291,-0.90177,0.37626,0.5688,1
0.73885,-0.93212,-0.39321,-0.20678,0.68499,1
1.3658,0.59178,-0.44093,-0.70054,0.93812,1
0.41762,-0.096739,-0.7357,-0.77846,-0.032805,1
-0.18757,0.35924,-0.34887,0.46496,0.56335,1
0.55919,-0.57989,-0.84507,2.1952,1.6139,1
0.16388,1.5797,1.3823,-0.682,0.093705,1
-0.92105,-0.13172,-0.97608,0.44407,-0.1704,1
0.84901,1.0564,1.8079,-0.4293,1.6266,1
0.27464,-0.11429,-0.31723,1.8785,-2.2289,1
0.1209,-0.10079,-1.2812,0.50036,-0.41622,1
0.46085,0.67155,-0.4242,-0.094996,2.1875,1
0.23381,0.50652,0.90564,0.62593,-0.39361,1
-0.84209,-1.1137,0.72241,-0.068196,-0.52778,1
-0.1452,-1.272,-0.019326,1.008,-1.12,1
-0.13064,-0.91779,0.13518,-0.20387,0.68391,1
-0.47585,-1.2604,0.36737,-1.1137,-1.9286,1
1.5045,0.42416,-1.094,0.30924,-0.70341,1
-0.78328,-0.52738,-0.64954,1.4122,0.49824,1
-0.43274,-0.40488,-1.7035,-1.1922,-0.039772,1
-0.63684,-1.2565,-0.60255,-0.30474,0.51462,1
-1.0502,0.36595,0.779,0.91516,0.13342,1
-0.17194,0.31128,0.65254,-1.8094,0.60371,1
-0.24514,-0.13354,1.9801,0.60525,-1.1327,1
1.3685,1.1654,0.4132,0.82274,0.24252,1
-0.22273,-0.76031,-2.0123,0.14055,-1.4367,1
-0.95186,0.096377,1.4105,-0.75721,0.70309,1
1.4342,0.63947,1.3433,0.10749,-0.24245,1
1.1043,0.55766,-0.34365,0.15708,0.60368,1
-0.20538,-0.63928,0.10295,0.85969,-0.48851,1
-1.3472,-0.073281,0.54989,0.56141,0.29618,1
-0.39769,-0.51453,0.2419,-0.36248,0.92588,1
-0.13948,-0.75761,0.51373,1.5146,-1.7707,1
0.24692,-0.90838,-0.18054,-0.060307,-1.6938,1
-0.23359,0.77832,0.033082,-0.76196,-1.6264,1
0.39661,-0.58287,0.048621,-0.40745,0.74184,1
0.35052,-0.051777,-0.66916,0.8205,0.36483,1
-1.1186,-1.2541,1.0035,0.10757,-0.65556,1
-0.84788,-0.45152,-0.12804,0.78212,1.3314,1
-0.66287,-2.7715,0.22231,-0.036927,0.050629,1
-0.45421,-0.98989,-0.91239,2.2909,-1.4313,1
-0.28673,-1.2217,-1.1175,-1.64,-0.96936,1
0.011153,-0.81509,-0.17326,-0.41629,-1.2649,1
-2.7094,-0.84929,-0.58159,-0.25706,0.81247,1
-0.40877,-0.3645,0.9731,0.067766,-0.53964,1
1.1113,1.8454,0.85465,1.4982,-0.97343,1
-0.95409,-0.6995,0.30457,0.1429,-0.53412,1
0.83515,0.0072055,-1.1941,-0.08119,-0.75486,1
0.31334,-1.1869,-0.96083,0.037602,0.72568,1
-0.025944,-0.39136,0.13066,0.70214,0.42458,1
0.16319,-1.0379,-0.41108,-0.67614,0.23421,1
-1.3998,-0.32553,0.96637,0.3571,0.3689,1
-0.075614,0.66888,1.2535,-1.45,0.051669,1
1.4346,0.68457,-0.29563,0.016122,-0.82674,1
0.087965,-0.54287,0.71815,-0.88966,0.46801,1
0.037006,-1.3053,1.0845,-0.63259,-0.76446,1
-0.65666,1.0129,0.33701,0.26238,-0.92974,1
-0.027561,1.6459,1.6199,-1.0007,-0.91418,1
0.20782,0.14911,0.97481,-0.90653,0.78151,1
0.38137,-0.70274,0.14454,-1.4299,0.84789,1
-0.33345,0.88231,0.84354,-2.0929,-1.5646,1
-0.21149,-0.53069,0.09,-0.16694,-0.14783,1
1.81,0.073739,-0.1836,1.1982,0.24531,1
-2.0199,0.20964,0.14631,-0.27448,-0.55066,1
1.9941,-0.61828,0.15237,-0.12644,0.67329,1
0.30193,-1.5021,-0.46608,-1.0194,0.17625,1
0.89448,0.56279,1.7139,1.5875,-0.088094,1
-1.4885,-0.049033,0.046498,-0.31751,-0.50887,1
-0.52774,-0.05523,2.3525,1.2304,0.63359,1
-0.24871,0.33826,-0.24626,0.33398,0.76806,1
0.37809,0.96705,0.64594,-0.19441,0.44964,1
-1.4939,0.40893,1.3002,0.97319,-0.18984,1
0.42184,-0.35293,2.4084,0.98036,0.84625,1
-1.0848,0.38182,0.20765,-0.15169,-0.80546,1
0.059202,0.15448,-0.6739,1.2238,0.13966,1
0.58348,-0.26171,0.73491,1.7225,1.2674,1
0.29253,-0.88894,-1.2393,-0.08728,-0.20252,1
0.96834,0.76369,-0.060448,-0.17113,-0.73272,1
0.89986,-0.060134,0.31952,0.43525,1.7469,1
-0.58219,-0.10811,1.2461,0.31743,-0.21239,1
0.22992,-0.58182,1.2233,0.78073,0.39894,1
-0.84468,-1.4612,-0.27415,-0.32878,-0.76524,1
-1.1822,-0.15722,0.68357,0.61911,0.25977,1
0.82719,0.1567,-0.18592,1.0388,0.43381,1
4.4586e-05,0.9667,0.695,0.2029,0.036798,1
-0.049121,0.63407,1.7587,0.18492,0.32435,1
0.81494,1.0529,0.3382,-1.1116,1.0995,1
0.53181,-0.47081,-0.26842,-1.0973,-1.2781,1
0.31323,-0.67658,-0.48924,-1.3909,0.14997,1
1.1183,-0.74361,0.65403,-1.1261,-1.7998,1
0.83163,0.60939,1.3305,-0.06627,0.05536,1
0.21445,2.3022,2.1622,-1.4266,1.7903,1
-0.61748,0.43222,0.038195,2.1043,0.87076,1
-0.58277,-0.76896,-0.00087813,0.64884,-0.022138,1
1.0662,0.94108,-0.34727,-1.881,-0.29496,1
-1.4417,-1.2701,1.1374,-1.1862,0.43132,1
-0.021879,-1.1539,-0.20183,-0.13477,0.91212,1
-1.7431,0.14265,-0.56879,-1.7212,-0.012573,1
0.91276,-0.39898,1.9694,-0.36618,1.4505,1
0.77074,0.44744,0.84048,1.0986,-0.69657,1
0.0010394,1.1342,0.76316,-0.11503,-1.7515,1
-0.063359,0.30756,-0.85804,-0.072276,-0.66927,1
-2.2238,0.19357,0.19151,-1.0612,-0.1918,1
0.51982,-1.1647,0.37463,-0.52149,-0.36281,1
-1.961,0.043104,-1.1475,-1.4022,-0.78861,1
-2.0744,1.2055,-0.25964,0.25856,1.2177,1
0.071495,0.45415,-0.29808,-0.41727,-1.4397,1
-0.84835,-1.4544,0.21646,0.66216,-0.47243,1
0.36805,-0.071767,-0.86156,1.1765,-0.86255,1
0.60551,-0.25171,0.99027,1.0612,-0.40882,1
0.76718,0.5006,1.7067,0.047004,-0.56437,1
-0.61819,0.17765,-0.30701,-0.51085,0.42189,1
0.40194,0.4274,0.080288,-1.125,-0.92834,1
0.090009,-0.27079,0.42453,0.11666,-0.73549,1
0.73886,-0.29843,1.0985,0.95749,0.10474,1
0.47955,-0.35545,0.46579,-0.29864,0.9631,1
0.8031,0.88892,0.53019,-0.090081,-1.628,1
-0.11801,-1.5234,-0.61322,0.52943,1.5694,1
-0.13166,-0.20005,-0.24004,0.80206,-0.78516,1
0.90138,0.44333,0.67915,-1.271,0.58772,1
-1.8995,-1.0011,1.187,0.078777,0.91511,1
-0.45132,0.27192,0.4896,0.17509,1.1937,1
-1.1365,-0.34161,-1.213,-0.23168,-0.48888,1
-0.34219,-0.84203,0.25212,0.80919,0.0086977,1
0.5802,0.27514,0.0062369,-0.30624,-0.13849,1
0.73855,-0.031578,-0.14801,-0.74505,-0.5476,1
-0.90779,-0.5574,-0.34504,0.19275,0.22356,1
-0.42134,-0.67882,-0.89525,0.38182,0.29749,1
0.12256,0.080179,-0.26208,-0.20118,-0.31658,1
-0.26105,-1.5537,-0.89663,0.68687,0.076416,1
0.26995,-0.25366,-0.3254,-1.4337,2.368,1
0.35771,-0.3488,0.097643,-1.0055,-0.023191,1
-0.83178,-0.94314,-0.034944,-2.9779,0.57759,1
-0.15816,0.48668,-0.14937,0.49503,-0.39812,1
-1.907,-1.0687,-0.44136,-1.0753,-0.52208,1
1.0244,0.69198,0.20808,-0.16342,-0.28669,1
-0.56268,0.64608,0.42489,0.94757,0.53175,1
-1.0768,-0.39566,0.98188,-0.0053737,-0.7232,1
-0.22714,0.16719,0.54469,-0.41688,-1.6527,1
-1.2778,0.19614,-0.35323,-0.87303,0.035409,1
-0.018656,-0.06995,0.5179,-0.22253,-0.38983,1
-0.50147,0.31069,-0.22906,0.54792,0.25954,1
1.9479,-0.53095,-1.4455,-1.3648,0.044902,1
1.0183,1.1498,-1.8409,-0.0081602,0.67014,1
-2.2333,-1.3561,-1.8835,0.55685,0.7501,1
0.39473,-1.3758,-0.33006,-1.3632,-1.2349,1
-1.2505,0.80359,-0.57436,0.57734,-1.3471,1
-0.22813,-0.1076,-0.66991,0.62162,0.44583,1
0.14705,0.39869,0.096023,-0.81564,0.27761,1
0.66879,-0.12567,-0.53176,-1.3992,-0.85816,1
-0.24422,-0.88388,-0.68191,0.36425,1.0803,1
1.4099,-2.1251,0.42838,0.79469,-0.0074012,1
-0.43016,0.39738,0.69492,0.54518,0.13004,1
0.29294,-0.1579,2.1603,0.76666,0.26802,1
0.59456,-0.010464,0.32284,-1.0822,0.6687,1
0.076195,0.34606,0.098725,0.56707,1.3786,1
0.78795,-0.94733,-0.54023,-0.53828,-0.26494,1
0.28909,-0.51582,-0.204,-0.5318,-1.5662,1
-0.70136,0.74966,-0.025534,-1.4926,0.90733,1
-1.6148,0.07832,-1.6957,0.93027,-0.83978,1
1.6624,-0.61741,-0.13852,0.23839,1.1045,1
-0.54071,-1.9115,0.38894,0.87846,-0.56655,1
0.092448,-0.43744,-0.5453,1.4163,1.3319,1
0.50371,0.29846,0.51904,-1.0339,-0.71642,1
0.1016,0.78517,0.97533,0.64872,-0.95941,1
-0.80921,-0.12674,0.85817,-0.046303,0.85553,1
-0.41834,-1.0094,0.52888,0.82534,-1.2338,1
-0.1117,0.21891,-1.9798,1.0183,0.60677,1
1.3228,-0.61446,-0.44178,0.82646,0.38583,1
-0.76994,-0.96724,0.60995,-0.83102,-0.15929,1
0.70183,-0.3516,0.37522,-0.084822,-0.30892,1
0.27604,-0.92216,-0.075576,0.24069,1.819,1
-0.20917,-0.27075,0.33424,2.977,-0.31063,1
-0.94539,-0.96191,0.79542,1.0976,-0.18137,1
-0.25414,-0.29386,0.077362,2.1769,-0.82587,1
-0.077538,-0.3922,-0.72222,0.36743,-0.74018,1
-1.3143,-0.65895,-0.3614,0.10711,-0.54649,1
0.17189,-0.36299,-0.20873,0.57753,1.5237,1
-0.73548,0.81045,0.81419,-0.50692,-0.32953,1
-0.084291,0.47097,0.41011,1.1889,-0.59004,1
0.30072,0.12281,0.52628,-0.12187,-0.39296,1
-0.80915,-1.385,-0.10714,-1.3808,0.58506,1
-0.25782,-1.3752,-0.50318,0.7682,-1.2095,1
0.31311,-1.5058,-0.089676,-1.5072,0.5078,1
-1.642,1.6899,0.22834,-1.7891,-1.1697,1
0.92661,1.0156,-1.0276,0.33347,-0.092272,1
2.1685,0.74931,0.45283,-0.75673,-1.6081,1
0.85811,-0.57093,0.83525,-0.81737,0.46731,1
-0.28244,-0.99484,-0.23918,-0.19732,0.58867,1
0.38337,0.53736,1.4865,-0.40609,-0.59055,1
-0.92661,1.0302,0.52441,-0.2274,0.30851,1
1.6796,-0.94531,-0.31854,0.3202,0.12915,1
0.84139,-0.15197,-0.072492,-1.0655,1.025,1
0.70422,0.1081,-0.16268,-1.1204,0.10827,1
-0.78341,-1.8019,-0.070439,-2.0766,0.85858,1
0.28617,0.74978,0.78006,-0.32326,-0.08043,1
-0.49935,-0.45915,-0.35861,0.58478,-0.59088,1
-0.27855,1.472,0.54765,-0.63464,0.0010351,1
-0.50983,-0.44261,1.449,0.45759,-0.17501,1
-0.91744,0.10053,0.74545,0.47543,0.79777,1
-0.81281,-1.1243,0.52044,0.87331,-0.069645,1
-0.18774,-0.55072,-0.80068,0.90051,-0.765,1
-1.5195,-1.3221,-0.77011,-0.77956,-0.19327,1
0.54345,0.45237,0.31851,-0.76545,1.0718,1
-0.10536,1.0232,0.019111,0.066145,-0.34431,1
0.62535,-0.32227,-1.4112,-0.62481,-0.61246,1
0.24118,0.41211,-1.2658,1.3797,0.89414,1
0.4421,-0.2961,0.91398,1.3366,0.10573,1
-1.3265,-0.24931,-0.82538,-0.00070494,-0.34353,1
-0.91255,0.73631,1.8314,-0.4078,-0.63408,1
-0.3998,-0.002976,-1.9997,0.43167,-1.3376,1
0.098082,-0.81141,0.31185,-0.6317,0.11316,1
1.0096,-0.43863,0.047016,-0.07385,-0.29056,1
-0.25935,-0.20179,-0.71562,-0.53214,0.26749,1
1.1284,0.12756,0.48004,0.17169,-1.2882,1
0.42523,-0.59173,-0.72798,1.0654,1.1727,1
1.0502,0.4082,0.90685,0.78388,0.46608,1
0.11354,1.0495,0.19103,1.1181,-1.3605,1
-0.58747,-0.34937,-1.5436,-0.92991,0.91122,1
-1.325,-0.49618,-2.3246,0.050733,-0.56313,1
0.13907,-1.7402,-0.4379,-0.9738,0.21283,1
0.73213,-0.4414,1.0307,0.40849,0.20086,1
-0.2617,-1.1887,-0.002437,0.26415,-0.81423,1
-0.48369,-0.43232,-0.048515,1.1893,-2.5601,1
-0.27606,0.35473,0.62134,1.0439,0.50222,1
-0.98082,0.98289,-1.2106,0.57164,-0.28954,1
-0.44096,1.3398,1.3701,-0.44772,-0.49479,1
-0.16166,-0.13465,-0.81992,-0.47514,0.35871,1
0.041002,-0.2479,0.0086668,-1.9461,-0.64181,1
-0.057049,0.64484,-0.25194,-0.41506,0.61014,1
0.54679,0.53188,0.24593,-1.4217,0.1391,1
0.097777,0.64141,-1.6327,0.87713,-0.8746,1
1.6225,1.0331,1.6201,0.99242,0.80532,1
0.27908,-1.1237,0.37887,0.12348,0.40102,1
1.614,0.83915,2.0258,-0.21892,1.1632,1
-0.64678,-0.2355,1.1609,0.11186,-0.79595,1
0.47096,-0.4952,-0.0017216,1.5326,-0.79599,1
-0.23278,-0.61739,-0.92235,1.2351,0.26753,1
0.53678,1.1673,-1.3483,-0.38629,0.61343,1
0.53123,-0.52002,0.0060541,0.17528,0.73111,1
-1.9552,-1.486,-0.16605,-1.2069,-0.054215,1
-1.1869,-0.12365,0.79456,0.32375,-0.20937,1
-1.2889,1.2989,-0.81332,0.65012,0.61078,1
0.35942,0.11046,0.74873,0.88565,1.7758,1
1.315,0.57731,0.25609,-1.3598,0.80027,1
-0.29231,-0.82952,-0.80662,0.4288,0.050349,1
0.72656,1.5314,0.92978,-0.7261,-0.47033,1
0.48795,0.22276,0.30707,-0.31974,0.45412,1
-0.94061,0.19223,-0.27575,0.6956,-0.42751,1
0.35551,-0.67871,1.6126,0.30882,0.21404,1
-0.67252,0.52042,0.53305,-0.17041,0.70902,1
1.3562,0.65279,0.10841,0.66613,0.85651,1
-0.029128,-0.93928,0.13368,1.5241,0.51766,1
1.4633,0.39786,0.26343,-0.49678,1.2459,1
-0.38018,-0.45833,0.063759,-1.3094,1.6292,1
0.52721,0.21988,0.47637,-1.0589,-1.6949,1
-0.056162,-0.21604,-0.56295,-0.91091,-1.6097,1
-1.8085,-0.60523,-0.94712,-0.76318,-0.8639,1
-0.87845,-1.0524,0.11239,0.47341,-1.8115,1
0.54785,-0.12368,1.702,-1.9223,-0.32444,1
-0.049092,0.60572,-0.20561,0.23288,-0.28487,1
-1.0006,1.1564,-0.85653,-0.77506,0.23428,1
-0.56025,-1.0757,-0.38851,0.97757,0.23204,1
0.22318,1.9725,-0.1781,-0.75084,-0.5707,1
-0.88818,1.0083,-0.25795,-0.019583,-0.70752,1
0.87202,0.35386,0.54433,-0.82313,0.71878,1
-0.57307,-0.38611,-0.21439,-0.68931,-0.36249,1
1.6179,-0.1588,-0.38729,-0.16822,-1.2278,1
-0.96586,0.42994,-0.4349,-0.26479,0.009706,1
0.17816,-0.51547,-1.2095,-0.51836,0.15468,1
-1.3604,-0.71249,-0.97157,0.96169,-0.39056,1
-0.64724,0.55059,-1.2457,0.48076,0.59866,1
-0.53062,0.21881,-0.48114,1.7257,0.218,1
0.35897,0.81272,-0.82933,-0.23504,-0.17719,1
0.84267,0.6176,-0.4718,1.064,-0.013354,1
0.26876,-0.25602,-0.26992,-1.9832,0.38246,1
-0.33368,-0.4977,-1.1489,0.55648,-0.41318,1
0.7294,0.8244,0.14817,0.41428,-0.91343,1
0.71455,-0.36249,0.32726,-0.31962,-0.14561,1
0.10751,0.98359,-0.72624,0.67796,0.14168,1
0.51094,0.76522,1.1205,0.89475,0.49564,1
0.36922,0.32427,-1.3269,0.98675,-0.018557,1
-0.88277,-0.21809,-0.45581,0.3371,-0.41894,1
0.67938,0.46461,-1.1913,0.59969,0.54383,1
-0.58782,2.6963,-0.049546,-0.60286,-0.041189,1
-0.54016,-0.22569,-1.2464,-1.0906,0.69202,1
0.15827,-1.2154,-0.63233,-0.28489,-0.11897,1
-0.27504,1.4752,-0.50992,0.19114,0.028592,1
-0.1179,0.4622,-1.0038,0.89037,-0.070557,1
0.5325,-0.38924,-1.816,-0.75661,-0.8541,1
0.93632,2.3442,0.8592,-0.34054,-0.76043,1
-0.17706,0.39993,1.7943,2.8434,-0.80669,1
0.29308,0.31047,2.0261,-0.53514,1.6169,1
-0.21314,-0.6804,-0.53336,1.7812,-0.18442,1
0.20536,-0.80723,-0.114,0.89902,0.82878,1
0.39355,-1.3274,-0.52635,-0.54805,0.26995,1
-0.55174,-0.4789,-0.041285,-0.14353,1.6457,1
0.24582,-0.78758,-0.87807,-0.2234,0.80002,1
0.53764,0.65665,-1.5665,0.4704,-1.0864,1
0.082563,-0.23544,-0.051389,1.2906,-0.286,1
1.5472,1.813,-0.72324,-1.4317,0.83031,1
-0.54431,1.0818,-1.6065,1.8893,0.28793,1
-0.65925,-0.032582,2.0282,0.73024,2.0458,1
-1.5651,-0.61926,-0.42788,-0.6267,-0.0754,1
0.81436,1.1325,0.56541,-0.038019,-1.3503,1
0.77554,-0.73046,1.0427,0.32305,0.3937,1
0.13497,1.6771,0.41842,1.9932,1.2457,0
1.0469,1.299,1.1382,1.7715,-0.56416,0
2.0227,-0.083558,-0.32536,-0.0028294,0.17355,0
1.2924,2.4073,-0.18252,0.86507,1.8033,0
1.2843,0.48389,1.11,0.42264,-0.48409,0
0.8129,0.35874,-0.15286,1.1362,2.1603,0
0.86109,-0.27986,0.50975,2.5863,0.61212,0
0.90222,0.89176,1.6251,0.33297,1.4227,0
-1.6553,0.61373,1.6053,2.4655,0.041342,0
1.3731,0.75482,2.2656,0.67307,1.6301,0
1.9394,0.35866,0.1268,0.4792,0.96649,0
-0.23104,-0.61167,1.4646,1.4285,2.0218,0
-0.44387,3.5152,1.5095,1.5835,0.61139,0
1.5891,2.3985,2.2296,1.285,0.44157,0
-0.43016,0.52224,1.0647,-0.17001,0.31,0
-0.59322,0.72094,1.5744,0.44386,2.6205,0
1.7485,1.4019,2.0234,0.37524,0.72871,0
0.37929,0.92025,0.62325,0.58106,-0.36842,0
2.181,0.62463,0.62311,0.40033,1.7705,0
-0.22595,1.6934,-0.069508,1.294,1.0261,0
0.41717,-0.075805,0.77411,1.7452,0.69615,0
1.2293,2.7639,1.5152,0.8575,1.4731,0
1.5212,-0.50818,0.226,1.3901,1.7174,0
1.4436,0.76211,1.0499,1.5921,0.48486,0
1.1816,1.7952,0.8077,1.1179,1.1135,0
0.78199,1.0805,0.6429,0.77787,0.72991,0
0.45051,-0.39606,1.4551,0.5536,0.472,0
1.4558,1.8694,1.7994,0.14511,1.4004,0
0.63302,1.1042,1.948,0.80671,1.6056,0
1.4,0.32086,0.037031,1.094,-0.16365,0
2.0319,1.4732,0.98752,0.88378,1.9422,0
-1.1339,1.4345,1.5044,1.1496,1.1279,0
2.7119,3.1304,0.25614,1.0914,0.8581,0
0.40037,0.85008,2.5524,1.5425,-0.30316,0
2.2489,0.87745,1.2313,0.53871,0.77901,0
2.472,0.71519,0.57671,0.91995,0.93981,0
-0.39353,-0.86639,1.5731,1.1387,1.0453,0
1.1679,1.4817,1.3771,0.73079,0.64203,0
4.2884,-0.45934,1.0547,1.2512,1.7749,0
0.79639,0.73771,0.39666,-0.39674,2.2529,0
1.4613,0.80698,-0.46571,1.3239,2.0349,0
1.3139,1.7855,0.30928,1.3617,0.83183,0
2.2028,-1.3277,0.23744,0.95728,1.2293,0
2.0346,1.9304,1.5299,0.77742,1.3662,0
0.10212,0.43904,1.4038,0.64705,0.45381,0
0.584,-0.19467,0.18901,-0.37015,0.90922,0
1.3256,1.0284,1.7031,1.8717,0.54482,0
0.94459,1.2011,1.5745,1.5089,1.0834,0
3.4049,0.89044,0.98456,0.20116,2.3355,0
1.4161,-0.25892,0.07906,-0.1825,0.77217,0
1.4151,2.1177,1.8901,0.75332,0.41761,0
0.20531,1.087,0.8694,1.5105,2.1625,0
-0.24041,0.23433,0.016556,1.5821,1.7128,0
1.7534,2.1641,1.3801,1.4599,0.61049,0
0.81286,1.3053,1.4623,1.6081,0.41324,0
1.6158,-0.057373,-0.31109,2.3166,2.1901,0
0.21119,1.464,2.568,-0.2861,1.0046,0
1.85,-0.50027,-0.92354,1.3028,1.1191,0
-0.72042,-0.13073,-0.56237,0.86548,1.2348,0
2.4863,1.2997,2.1124,0.48136,0.48596,0
1.8031,1.4545,1.3577,1.5873,1.9485,0
1.1045,1.0742,0.65808,0.99079,2.9658,0
-0.10152,-0.83929,0.74286,1.8657,-1.1031,0
0.62286,1.6853,1.6718,0.2227,1.1594,0
1.2412,2.1475,0.42867,0.35721,1.7912,0
2.1458,2.1641,1.9565,1.403,0.3911,0
0.019496,0.38449,1.4624,0.29415,1.036,0
2.2287,0.78666,0.98898,1.1123,1.1505,0
3.6261,0.38811,1.1961,0.73087,0.4979,0
0.53007,1.17,0.47976,1.8304,1.6125,0
1.4447,1.2733,0.34207,1.3355,2.0292,0
0.37643,0.24549,0.56139,0.6479,1.1498,0
-0.62885,1.6358,1.8591,0.50881,1.3036,0
2.3951,1.9119,0.96958,0.72991,0.56468,0
1.6585,1.6568,0.73242,2.871,2.0117,0
0.51551,0.27695,0.081936,0.91594,0.89341,0
1.1076,-0.1769,-0.075072,0.79591,1.3262,0
0.78199,1.5551,1.0756,0.85581,1.9887,0
-0.38672,2.1313,1.9384,2.1925,0.8135,0
-1.7344,-0.44971,1.7308,-0.40202,0.74761,0
0.95497,-0.9663,1.2266,1.827,1.0607,0
0.56127,2.2268,0.87239,0.45617,0.81849,0
0.45295,0.88444,0.6586,0.76764,-0.078064,0
0.19744,1.9569,1.3835,1.5373,1.4393,0
-0.72398,1.6838,1.7854,0.27577,-0.21827,0
0.50504,-0.13733,1.6498,1.3137,0.73309,0
1.1532,0.63343,-0.79231,0.8942,-0.205,0
-0.0073222,0.14649,0.81677,-0.12242,2.0239,0
1.4274,1.2071,0.24216,1.1423,1.0763,0
0.7412,2.0071,0.71935,1.4572,1.4326,0
0.90375,1.039,2.4377,1.5277,0.81127,0
-0.35577,-1.0159,0.057425,0.47415,2.246,0
0.27482,2.0166,-0.30346,0.96205,0.66552,0
1.3891,1.0456,1.1685,1.4938,1.9841,0
0.2506,0.50858,0.80641,1.3844,1.958,0
1.1533,-0.85099,0.44072,0.65163,0.50437,0
2.8764,1.5406,1.8724,0.082981,1.3638,0
1.7545,1.3016,1.5369,1.2441,1.1311,0
1.9841,1.4101,1.402,1.2819,2.7972,0
3.2392,0.29127,0.78039,2.182,0.20561,0
2.1151,0.47537,1.2743,-0.18506,-0.36315,0
1.3773,0.22805,0.68227,0.71,1.2332,0
2.8511,2.7934,1.447,1.4167,0.26045,0
0.14177,0.17596,1.3426,0.89765,0.48303,0
0.35285,0.75338,1.2244,2.5584,1.3189,0
2.9147,0.42213,0.45449,0.72697,-0.097649,0
1.431,1.8568,0.67603,-0.81212,1.8568,0
0.96006,0.98467,0.13502,1.5426,1.3606,0
1.4347,1.113,1.8578,-0.051244,2.1694,0
0.74941,1.8065,1.0644,2.0301,0.78887,0
0.723,1.569,0.51228,1.3065,1.7788,0
0.63305,1.6573,1.6245,0.75498,0.074677,0
0.47444,-0.95268,0.32095,0.17693,1.1214,0
0.1047,1.0959,1.343,2.4307,1.9837,0
0.94322,1.8519,2.3557,1.2883,0.4989,0
0.45481,1.2503,1.7836,0.63541,1.0704,0
2.3679,1.953,1.0392,0.50751,2.3822,0
1.2234,2.9089,1.1437,0.90553,0.38636,0
1.969,2.2166,2.7909,2.0578,0.15707,0
0.86735,-0.012347,0.73174,2.4496,1.8009,0
0.92263,0.25413,1.1569,1.0088,0.96514,0
2.1937,1.0245,1.3234,1.3612,0.10402,0
2.3932,0.58405,1.775,1.287,0.27079,0
1.0313,0.93335,1.1716,-0.27248,1.2491,0
2.6056,2.2692,1.5231,1.1763,1.2553,0
1.4513,0.57819,1.2354,0.62053,0.69028,0
1.3496,0.78473,3.216,0.72546,1.202,0
3.0795,1.0289,1.8169,0.94264,1.4939,0
2.4569,1.761,0.42675,-1.2087,0.34026,0
1.8607,2.0165,0.14978,0.44686,0.73556,0
1.3816,0.90965,-0.3321,1.558,0.39921,0
0.48925,0.66162,2.4619,1.113,2.1266,0
0.8907,1.8171,0.41497,0.60048,-0.070122,0
2.7285,1.8345,1.9946,0.80921,2.384,0
-0.91777,1.2205,1.3875,0.14227,0.49066,0
0.39571,3.8339,0.049298,0.48142,1.0305,0
0.82089,1.0083,2.6688,0.58648,1.8022,0
1.1407,1.3187,1.5015,0.87711,1.6257,0
-0.69234,0.73777,2.4045,1.4525,0.7244,0
1.5019,1.6033,1.3772,1.0141,1.7639,0
1.6923,0.61062,1.1313,0.94679,0.0099638,0
0.10811,1.7959,0.2134,0.33321,2.1368,0
0.75402,2.5973,1.212,1.7891,2.0308,0
-0.15127,0.94783,1.0587,1.1611,1.0115,0
2.5412,1.1106,-0.18138,1.4401,1.3541,0
1.3543,0.5389,0.9441,1.1659,1.816,0
0.76198,0.55293,1.0716,1.6135,0.73476,0
0.12204,-0.61062,0.17282,2.1022,1.4412,0
1.0936,0.96269,1.3395,0.67532,1.5672,0
2.5978,0.39473,-0.009248,1.4132,1.3129,0
1.2611,2.1445,0.67287,1.545,-0.14597,0
1.3352,1.1757,1.1225,1.0059,0.72715,0
-0.13878,0.92226,0.44144,2.443,-0.62131,0
1.1576,2.2597,1.5068,0.28279,0.69074,0
1.7363,-0.49531,0.55162,0.59732,0.29497,0
-0.31054,1.1472,0.2383,1.0201,0.90652,0
2.0704,0.17931,1.7185,1.0417,1.3136,0
3.3389,0.68844,1.5585,0.87885,1.7058,0
-0.47797,1.0653,1.4186,0.6127,0.86247,0
-0.96059,1.5742,1.5533,1.6262,1.0571,0
0.93113,0.24926,1.7432,0.95541,1.8357,0
1.7202,1.5713,1.9195,0.42286,2.0923,0
0.92253,2.2867,1.1787,2.3535,1.2548,0
0.84966,0.22382,0.52781,1.6762,1.7188,0
1.0062,0.11949,0.8032,2.1301,0.40478,0
-0.0099756,0.87739,1.9678,0.98168,2.324,0
-0.55955,1.3835,-0.012048,2.4361,0.47908,0
2.5004,1.168,0.61608,1.7336,0.39301,0
1.2776,0.30579,1.7927,-0.38814,1.3998,0
-0.12666,0.97709,1.6503,0.015311,0.9113,0
2.0207,1.2973,0.66832,1.4684,-0.30025,0
-0.23079,0.46839,0.71306,0.86966,1.8729,0
0.88448,-0.0080482,0.74541,0.86057,1.5511,0
1.7028,1.4648,0.85725,1.8504,2.4186,0
0.20243,0.92656,-1.066,2.2503,1.259,0
0.66846,0.64076,0.58908,1.2795,1.5839,0
1.0281,0.44246,1.1904,1.0928,0.030214,0
2.8522,0.76141,3.0801,2.8225,2.6413,0
1.4355,0.27815,-0.27937,0.95446,2.9558,0
0.62118,0.034104,0.342,0.60927,0.63824,0
0.78618,2.1002,0.80343,0.55233,0.42567,0
0.7341,0.75599,0.17916,0.40094,1.8015,0
2.2397,-0.39797,0.327,1.0425,0.024192,0
0.73022,0.53637,-0.66056,0.27917,1.077,0
0.24892,1.8584,0.97792,-0.43575,0.85448,0
1.2283,0.54738,0.52603,-0.01042,1.6457,0
0.91021,2.5686,1.6271,1.3819,-0.59353,0
1.7525,0.39125,1.0065,1.8467,1.1225,0
1.9102,0.43235,1.8532,1.9573,1.2521,0
2.0313,0.19697,2.2897,2.8247,-0.41961,0
1.614,2.1019,1.2588,0.20064,0.87299,0
1.6001,0.55143,-0.053692,2.0325,1.5433,0
2.8056,1.5713,1.3469,1.1166,-0.033352,0
-0.1005,-0.58613,1.9216,0.60889,0.70245,0
0.67051,0.45474,0.84173,0.64936,1.1373,0
-0.60808,1.4069,1.3018,1.6737,0.58473,0
1.8722,-0.040333,0.112,1.477,2.3052,0
1.0204,1.0468,2.2564,-0.3656,1.6128,0
0.71602,1.4555,1.377,1.8057,0.55361,0
-0.6327,2.3982,0.74878,1.6293,1.3137,0
1.174,1.5887,-0.30859,0.79995,1.9388,0
0.7536,1.8135,0.51748,0.24027,1.1946,0
-0.28527,0.54255,0.040212,0.34806,1.4157,0
-0.098046,0.36389,0.46951,-0.0024495,1.4782,0
0.27712,0.96984,1.2531,0.95323,1.6128,0
0.76254,0.18017,1.5787,0.69288,-0.12977,0
-0.56415,1.8228,1.1613,0.74947,0.43436,0
0.82735,1.6699,1.1422,1.1847,0.72581,0
1.5841,1.9198,1.4451,0.80976,-0.31247,0
0.64266,2.0801,3.3116,-0.24228,-0.16806,0
0.33779,0.83057,1.2273,0.52658,1.2774,0
1.2885,0.51943,1.0712,0.59275,1.2792,0
2.0446,1.5829,2.4207,-0.26202,1.7668,0
0.57631,1.9761,1.1731,1.7008,1.3481,0
0.55724,1.7132,0.50931,-0.6828,0.31284,0
-0.36214,1.6885,1.7967,1.3342,1.0104,0
0.072457,2.2347,0.81222,0.77417,0.41237,0
1.5748,1.3262,1.2307,0.74092,1.7303,0
0.89218,2.0575,1.8478,1.5406,-0.21496,0
1.7253,1.0701,1.7082,0.79736,1.7257,0
1.6355,1.7718,-0.20862,0.82195,1.4207,0
1.3565,-0.20704,-1.0857,0.25761,1.5783,0
1.7273,2.4505,0.62323,1.9039,0.57902,0
2.4453,-0.41587,2.2597,1.7973,1.182,0
1.5472,1.2435,1.247,1.5522,0.9952,0
1.4041,0.7374,0.85996,1.4101,-0.25396,0
0.95927,-0.033927,0.74539,1.5348,1.3968,0
-0.17851,1.1673,1.83,1.5387,1.3902,0
0.52096,1.2419,1.2824,1.3076,0.39321,0
1.3091,2.2878,1.5613,1.5335,2.0898,0
-0.054389,1.0044,-0.77538,0.38831,-0.51999,0
1.4442,1.5624,0.94196,1.0406,0.67288,0
1.3061,1.2499,1.0587,1.4379,0.69568,0
1.0949,2.3141,0.44906,0.45271,0.41022,0
1.286,2.0359,1.1171,1.0291,0.47204,0
1.0226,1.012,0.50355,0.84343,1.3944,0
0.97908,1.1081,1.7325,1.9802,0.31031,0
0.99169,2.5796,0.716,1.3895,1.1021,0
1.8818,0.88528,2.1041,1.8881,0.68778,0
0.91421,1.7525,1.0511,1.4962,0.92506,0
-1.5056,-0.058551,1.5091,1.7258,2.6015,0
0.5388,0.272,2.7857,0.94762,0.5432,0
1.1859,1.787,1.1574,1.1119,1.7641,0
1.9105,1.677,2.3573,0.5774,1.053,0
2.3095,2.0853,0.29704,1.3285,1.0637,0
0.10685,0.33836,2.3931,3.3832,-0.5218,0
1.7218,1.9844,0.14753,1.0875,1.8749,0
1.2257,1.1778,0.97666,0.97185,1.1336,0
0.80232,0.93587,0.71328,1.6521,0.65243,0
1.0235,2.5029,0.22919,-0.19883,1.0188,0
0.97335,2.2734,0.068005,1.8747,0.95576,0
1.1332,-0.9846,1.3034,0.31514,2.4696,0
1.2254,1.3417,-0.10011,1.4232,0.086876,0
0.36291,0.17403,-0.23616,1.1557,0.50067,0
0.0086259,0.62379,1.848,0.94296,1.2104,0
1.9162,0.53846,0.98486,0.45268,2.5288,0
0.79152,2.4197,1.4756,1.3585,1.261,0
2.3419,2.2514,0.46004,1.9066,1.9902,0
0.12324,1.3958,0.84735,1.5159,1.6464,0
0.43635,1.5621,1.2977,2.088,1.6469,0
2.3483,1.5568,1.2623,-0.031949,2.068,0
2.3354,1.7559,2.6278,1.0945,2.9606,0
0.023804,1.1147,0.45562,-0.074178,1.079,0
1.1959,0.86322,0.86771,1.0864,0.75749,0
2.2723,1.5923,1.8139,1.4744,1.2021,0
2.2643,0.86523,1.8225,0.44707,0.74322,0
-0.21896,0.51428,-0.7443,1.9177,-0.93934,0
2.5353,0.93101,0.73206,0.65335,0.89923,0
1.6277,0.99147,0.46505,1.4809,1.155,0
1.2157,1.0311,0.99957,0.73559,0.68762,0
0.786,3.2249,1.684,0.46956,0.85585,0
0.083578,-0.1883,1.1874,0.39374,1.9828,0
1.0901,0.058093,1.8359,-0.11915,1.0211,0
0.75644,1.1915,1.3834,2.1853,1.0191,0
3.1916,1.1986,1.3776,-0.83957,0.41253,0
1.1803,0.37152,1.7155,0.010308,0.4969,0
0.83549,1.2721,1.3806,-0.52407,0.87531,0
0.98669,1.6673,-0.017711,-0.051185,1.078,0
0.41871,-0.089317,0.93598,-1.1941,1.2256,0
2.9655,0.85612,-0.30462,1.468,2.3807,0
1.6043,-0.076763,1.8165,1.0414,2.1239,0
1.0711,1.0821,-0.7329,0.16288,-0.042014,0
2.0656,1.2639,0.62124,0.0091547,2.4467,0
0.96857,1.6028,1.1489,-0.0049629,0.15853,0
0.90727,0.024791,0.84768,0.75996,3.1179,0
0.47194,1.2056,2.5617,-0.53234,1.1333,0
0.41609,0.80784,0.99825,1.3,0.63429,0
2.5222,2.4055,0.72415,0.97976,-0.65066,0
1.7291,1.3535,1.5593,0.76938,0.67856,0
1.0825,0.53204,-0.051935,1.4713,2.2843,0
2.6169,0.97632,1.5171,1.3099,0.68145,0
1.0224,0.52622,1.152,0.72813,0.60563,0
1.2752,2.3087,0.84303,1.0508,-0.066542,0
-0.34703,0.39637,0.35564,0.84406,-0.01583,0
1.4509,-0.37708,-0.13176,0.46935,0.46127,0
-0.37305,0.6687,-0.65343,1.7875,1.2927,0
0.062435,1.9115,0.71834,1.9237,-0.68387,0
1.9007,1.6892,1.7643,1.105,1.5905,0
1.3332,1.1828,0.44469,0.20176,0.57339,0
0.17248,2.4938,2.4563,0.14179,1.6858,0
0.6223,0.43603,0.18082,1.1561,0.97819,0
1.2433,1.2571,2.8141,0.84915,0.65017,0
1.2087,0.24884,0.34563,0.34394,1.3779,0
-0.62362,0.11978,0.90826,1.0523,1.3916,0
-0.14388,0.56706,2.0883,0.080061,2.6559,0
-0.68193,1.3883,1.9969,1.264,-0.073471,0
0.93123,2.8168,0.58712,-0.20769,0.41006,0
-0.63279,1.5282,1.6059,-0.90403,-0.078249,0
1.6659,0.12266,0.00018725,0.80977,0.49322,0
0.046129,0.7118,-0.48761,0.18037,0.52344,0
-0.049649,0.39092,1.4303,2.1637,0.65123,0
2.6987,0.92855,-0.36927,2.059,0.63968,0
3.0514,2.2762,-0.53129,0.55229,0.58754,0
0.22277,1.2488,0.94722,0.24102,0.77669,0
0.96485,1.8768,2.2511,0.87966,1.3853,0
2.8623,1.7429,2.1762,0.83353,1.9672,0
0.48746,0.23881,-0.35099,2.0144,0.69374,0
2.6294,2.0078,1.2204,0.78609,2.5572,0
1.7777,-0.11299,1.5646,1.9393,1.7463,0
1.0527,1.7162,1.8945,1.9942,2.0762,0
0.665,1.4954,2.3377,2.9859,0.26565,0
2.6063,2.1559,2.52,0.79621,-0.4826,0
1.6746,-0.18606,1.5957,0.63615,1.2462,0
0.39971,0.75243,-0.23476,2.2504,1.306,0
1.3726,1.0573,1.0555,0.4381,-0.4347,0
0.16709,0.99659,-0.17844,-0.44924,-0.30614,0
1.1413,1.7941,2.1223,1.1127,1.3273,0
2.4533,1.7838,2.598,1.4687,1.9249,0
1.5046,1.6352,-0.56028,0.70289,2.1269,0
0.27932,1.0785,1.6709,0.73311,0.22676,0
1.3301,2.5253,0.91263,-0.020656,1.508,0
0.33801,0.6377,0.53281,2.3022,1.5377,0
2.9157,1.3027,0.38083,1.1824,0.9939,0
-0.70165,0.29871,1.8905,0.55242,0.086943,0
0.37434,0.87583,1.2761,1.3035,0.081777,0
1.7319,1.7258,1.0194,1.674,1.6622,0
0.22176,-0.17659,1.1718,0.15543,-0.46317,0
1.017,1.1715,1.8604,1.199,0.77208,0
1.6209,0.41633,0.23623,0.60824,1.0892,0
2.1932,1.8328,0.49196,2.3035,1.9777,0
0.12049,-0.84336,1.3124,1.078,0.65812,0
0.83884,-0.75479,2.0964,0.1191,-0.22149,0
0.55253,2.393,2.1833,0.96193,1.3286,0
0.89163,0.85524,0.88235,1.3397,0.40417,0
1.3505,-0.70926,-0.29279,2.5668,2.4884,0
0.41313,-0.56283,-1.1522,0.93641,0.21276,0
1.7591,1.0071,0.26555,1.4387,1.1557,0
1.4048,1.318,1.9907,1.9671,2.7579,0
0.55191,1.25,0.55621,1.3794,1.8912,0
1.2618,1.9768,1.363,0.35991,0.99237,0
1.9337,1.3995,1.2635,0.90709,1.4158,0
1.9421,1.0394,-0.7798,0.46587,2.982,0
1.6339,2.001,2.1828,1.6073,2.2285,0
0.93834,2.8218,2.8924,2.2727,-0.01159,0
0.41172,0.95834,0.93794,0.9697,1.1476,0
1.2126,0.80999,1.8133,1.8363,1.9222,0
0.55778,1.8732,0.45863,0.45649,-0.28966,0
0.68495,0.51448,1.4223,1.1182,1.2361,0
1.8774,-0.21978,2.6495,0.89623,0.93527,0
2.3728,1.0579,2.1513,2.3164,1.3058,0
1.5653,1.2806,0.47779,1.2308,0.33974,0
2.9479,1.3459,0.27928,1.6196,-0.49227,0
-0.45077,-0.15427,0.8445,0.68245,0.055649,0
1.0215,0.47219,0.74142,0.49362,2.537,0
1.0904,0.40653,0.88081,1.2926,0.88735,0
2.5317,2.0185,2.2394,0.44558,0.23268,0
1.4755,0.93666,1.1957,-0.041263,2.1977,0
0.69278,1.5427,2.4301,0.80607,1.7855,0
1.5258,1.59,1.0573,2.2602,0.33678,0
1.6095,0.89674,0.90304,0.70342,1.8904,0
1.1733,-0.74008,1.4559,1.1511,1.9003,0
-0.92343,1.1086,1.2848,0.51373,0.32854,0
1.9706,1.7331,0.95493,-0.55516,1.4244,0
-2.3124,-0.036493,-0.57936,0.87952,0.62352,0
1.1039,0.99652,0.079385,2.2899,2.0786,0
-0.47172,0.44419,1.3822,0.71441,-0.083586,0
0.66311,2.4737,1.6123,0.1476,0.66715,0
2.3268,1.1203,-0.14525,0.2326,1.6629,0
0.51287,1.127,1.0939,1.2775,0.94251,0
2.8188,0.27143,1.428,0.70491,1.4739,0
1.7385,0.4289,-0.010506,1.739,2.4592,0
0.76619,-0.23087,0.016041,0.73407,0.59666,0
0.14283,1.5519,2.0188,-0.59405,0.04863,0
0.52955,1.487,-0.41398,0.62615,2.2875,0
1.3553,0.3038,1.3015,1.5512,0.64222,0
-1.2489,3.3149,1.9921,1.8219,1.3364,0
1.5835,1.8812,-0.35337,1.9894,0.55587,0
1.2651,1.3899,0.95006,1.7857,-0.27613,0
1.7768,2.7883,0.27358,1.8624,0.2739,0
2.9424,-0.9653,0.9213,2.4614,2.114,0
0.69287,0.88499,0.62362,2.1701,0.68199,0
0.069776,0.87472,-0.42161,1.0813,0.85363,0
2.1191,1.3019,1.5952,0.67296,1.2611,0
1.8487,0.17207,1.4305,0.79368,1.9693,0
0.8644,1.4551,0.53657,1.5388,1.1492,0
0.43698,-1.0318,1.1702,1.8887,0.76504,0
1.2361,1.1216,-0.088823,0.78863,0.27452,0
-0.071806,1.2707,-0.035507,2.1305,1.5114,0
1.0627,0.97056,0.043845,0.41628,-0.77378,0
0.39481,1.2563,0.91457,0.63156,0.0063626,0
0.22274,0.23533,0.44147,0.65742,1.5765,0
1.9183,1.5901,2.6924,0.55788,1.3956,0
1.0288,0.67045,0.90287,1.6648,-0.05403,0
2.2818,-0.33124,1.3601,0.86188,1.4281,0
-0.030625,0.60994,1.3852,2.4152,1.4253,0
1.2279,0.4747,1.2546,0.99544,0.0024501,0
0.0075053,-0.020313,0.99467,2.4054,0.9551,0
1.587,1.5138,2.1167,-0.83195,2.307,0
2.2381,1.1735,0.10893,1.2847,0.60095,0
1.971,0.88164,2.3812,1.2689,-0.099849,0
-1.0068,0.29052,1.3987,2.4558,1.1527,0
1.6467,2.561,0.2622,1.2272,0.57112,0
1.0083,2.0428,2.0446,2.4228,0.77891,0
1.3171,0.86731,1.9769,2.4918,1.3995,0
0.48068,1.0192,2.3944,0.54475,0.94967,0
-0.56626,2.1694,0.72572,0.065649,0.66276,0
1.847,2.6869,2.5955,1.752,0.2206,0
0.51896,1.9259,1.3087,0.38602,0.31453,0
0.68713,0.67582,-0.26409,0.83531,0.11744,0
1.1597,0.50009,0.30408,0.53417,0.46263,0
3.4066,1.935,1.9834,1.1653,2.5249,0
3.1759,0.47461,2.514,1.5289,1.1596,0
-0.25099,-0.090145,-0.16326,1.4779,0.5115,0
0.5502,0.6345,0.84516,1.0856,0.88296,0
1.9367,1.9531,0.60975,0.29395,1.2066,0
-0.96665,0.92296,2.4645,0.34218,1.2076,0
2.1802,1.3487,0.34948,1.2392,1.2842,0
0.70094,1.9658,2.2057,-0.64737,1.8896,0
2.3275,1.3559,0.58143,0.11279,0.69776,0
0.16527,-0.10401,1.4758,-0.23719,1.2313,0
0.12487,1.6507,-0.055823,0.71685,0.47146,0
3.1956,1.667,2.4152,1.4641,-0.49435,0
1.5578,0.98347,-0.80285,2.7959,0.56573,0
0.70613,0.60049,1.2069,0.98854,2.1759,0
0.020044,0.40742,1.2363,0.14972,0.65831,0
2.0467,1.095,0.37589,0.65522,1.847,0
1.3246,0.32505,0.13249,1.3262,1.4926,0
-1.1478,0.30643,1.3309,1.745,0.4966,0
0.14307,-0.41567,-0.063881,0.575,2.5379,0
3.8176,0.85241,1.078,1.0481,1.75,0
0.98884,0.38304,-1.4097,1.8464,1.7445,0
-0.89693,1.3023,-0.76749,1.1004,0.21833,0
0.15755,2.1987,1.0708,1.0717,0.48229,0
0.60165,1.8755,2.0139,0.77832,1.5595,0
1.6589,2.003,-0.2182,0.70459,2.0086,0
0.8456,1.5835,1.6254,1.8425,1.0227,0
1.0964,1.4962,1.4729,0.61169,2.4348,0
0.98306,1.6643,0.59144,0.96615,0.90266,0
0.088954,0.25053,0.85197,0.16471,1.5488,0
2.1126,1.8637,2.9653,1.5529,1.0669,0
0.65347,-0.10305,-0.30666,1.1328,1.8791,0
0.56037,1.5007,1.439,1.354,0.74997,0
1.185,0.28121,1.0937,0.97081,0.95925,0
0.93649,0.13096,1.16,0.41146,-0.29776,0
0.50523,0.54222,0.91942,0.91379,1.2354,0
1.1206,-0.14366,1.1012,-0.011327,1.0193,0
3.0046,1.2369,0.90491,0.77778,1.4535,0
1.5135,2.0435,-0.2559,2.7846,1.3545,0
0.37853,0.70946,0.45527,2.2634,0.46467,0
0.17509,1.3486,1.201,1.6678,1.58,0
0.77336,1.1187,1.219,1.3424,3.1959,0
-0.49511,1.9102,1.5457,1.6428,0.49867,0
2.7321,1.0518,2.9188,1.3817,1.8241,0
1.1938,1.2817,-0.32803,1.6977,0.53417,0
-0.10369,3.0692,1.7646,1.9716,0.31664,0
1.1144,2.0308,1.2407,0.238,0.062946,0
-0.36944,0.018406,0.79316,0.80232,1.4408,0
1.5525,2.056,0.57571,0.99965,1.0511,0
0.82785,0.15998,0.78654,0.54555,1.6939,0
1.0399,1.0132,1.5667,0.24557,0.82308,0
1.3433,1.2952,1.4028,2.0064,0.062693,0
1.8099,1.8627,-0.19231,1.5197,0.86432,0
0.23178,0.5618,1.6656,0.28857,0.90664,0
-0.39177,1.3231,1.1865,0.17034,1.484,0
0.90144,2.5609,2.7515,1.4021,0.051743,0
0.21932,-0.77918,-0.16726,0.38899,-0.61661,0
1.4032,0.088436,0.30991,0.045568,1.3292,0
-0.75951,1.8658,-0.42185,0.75788,0.33541,0
1.8145,0.82942,1.017,0.35865,0.57165,0
1.2907,0.99839,1.8363,1.6833,1.4922,0
-0.05452,1.7035,0.64298,2.7702,1.0763,0
0.69904,2.9411,0.78975,-0.28887,1.1351,0
1.7949,-0.068017,0.66169,1.6337,1.9893,0
3.3019,0.44841,0.89826,1.3566,1.9063,0
0.66693,0.89416,1.8209,0.3598,0.98565,0
2.311,1.1461,1.0861,1.7736,0.59412,0
0.18351,1.0042,0.56627,0.28681,-0.030903,0
1.1963,0.74428,1.5033,-0.44551,1.2183,0
0.80315,2.0614,-0.011275,0.12322,2.9176,0
1.3228,0.228,1.417,1.4485,1.879,0
0.52745,1.1287,0.82441,1.3069,1.1955,0
-0.34845,1.7293,2.8022,1.809,0.13173,0
0.74312,1.3047,0.48828,1.3684,-0.013051,0
1.4171,0.49378,1.3078,1.9806,0.58326,0
0.51983,1.0537,1.0838,-0.55717,-2.1796,0
0.82511,0.69866,0.061433,0.73227,1.3233,0
1.3814,0.50974,1.6825,0.73315,2.0295,0
1.5116,2.2587,-0.6715,0.94861,1.1062,0
0.30405,0.74711,-0.67145,1.767,0.72422,0
0.7454,0.45833,-0.16021,0.43286,2.0877,0
